%YAML:1.0
---
camera_matrix: !!opencv-matrix
   rows: 3
   cols: 3
   dt: d
   data: [ 7.1371564103177991e+02, 0., 3.2747049035712541e+02, 0.,
       7.0141298430667064e+02, 2.1150924404553498e+02, 0., 0., 1. ]
distortion_coefficients: !!opencv-matrix
   rows: 1
   cols: 5
   dt: d
   data: [ -5.7956361276609092e-01, 1.9559895950178827e+01,
       -2.2287410593812471e-03, 5.9734613824534433e-03,
       -1.4819796819021408e+02 ]
