%YAML:1.0
---
camera_matrix: !!opencv-matrix
   rows: 3
   cols: 3
   dt: d
   data: [ 8.3797323560723237e+02, 0., 2.9793740467792719e+02, 0.,
       8.7100615980903490e+02, 2.5982422957928367e+02, 0., 0., 1. ]
distortion_coefficients: !!opencv-matrix
   rows: 1
   cols: 5
   dt: d
   data: [ -2.4956472186696327e-01, 4.0983301197306075e+00,
       -4.9561969990011341e-02, -7.0960024506935499e-03,
       -1.6958494459861956e+01 ]
